4294967294,0
4294967279,393
4294967278,530
4294967278,257
4294967278,556
4294967278,528
4294967278,555
4294967278,554
4294967294,5
4294967278,525
4294967278,553
53,2
53,4
4294967294,22
4294967294,17
4294967294,42
4294967294,67
4294967294,99
4294967294,76
4294967294,424
4294967294,51
4294967294,52
4294967294,470
4294967294,25
4294967294,915
4294967294,26
4294967294,82
4294967278,552
4294967294,7
4294967294,6
4294967278,132
4294967278,131
4294967278,130
4294967278,129
4294967278,128
4294967278,127
4294967278,126
4294967278,125
4294967278,124
4294967278,252
4294967278,122
4294967278,121
4294967278,120
4294967278,119
4294967278,245
4294967278,118
4294967278,117
4294967278,116
4294967278,115
4294967278,114
4294967278,113
4294967278,235
4294967278,112
4294967278,111
4294967278,231
4294967278,110
4294967278,109
4294967278,108
4294967278,107
4294967278,106
4294967278,221
4294967278,105
4294967278,104
4294967278,103
4294967278,102
4294967278,101
4294967278,100
4294967278,522
4294967278,99
4294967278,98
4294967278,97
4294967278,96
4294967278,95
4294967278,94
4294967278,93
4294967278,92
4294967278,514
4294967278,91
4294967278,90
4294967278,89
4294967278,87
4294967278,86
4294967278,85
4294967278,84
4294967278,569
4294967278,83
4294967278,82
4294967278,550
4294967278,81
4294967278,568
4294967278,80
4294967278,79
4294967278,78
4294967278,77
4294967278,76
4294967278,313
4294967278,75
4294967278,74
4294967278,73
4294967278,72
4294967278,71
4294967278,310
4294967278,70
4294967278,567
4294967278,69
4294967278,309
4294967278,68
4294967278,566
4294967278,67
4294967278,66
4294967278,65
4294967278,64
4294967278,63
4294967279,84
4294967279,83
4294967279,81
4294967279,79
4294967279,76
4294967279,70
4294967279,69
4294967279,354
4294967279,68
4294967279,67
4294967279,65
4294967279,303
4294967279,62
4294967279,61
4294967279,350
4294967279,351
4294967279,58
4294967279,349
4294967279,56
4294967279,53
4294967279,51
4294967279,47
4294967279,46
4294967279,41
4294967279,36
4294967279,35
4294967279,33
4294967279,32
4294967279,29
4294967279,28
4294967279,26
4294967279,24
4294967279,22
4294967279,21
4294967279,19
4294967279,16
4294967279,14
4294967279,13
4294967279,12
4294967279,9
4294967279,8
4294967279,7
4294967279,6
4294967279,5
4294967279,4
0,5
4294967278,123
4294967278,329
257,5
257,4
257,3
257,2
257,1
256,4
256,3
256,2
256,1
255,4
255,3
255,2
255,1
254,4
254,3
254,2
254,1
4294967294,1418
250,4
250,3
250,2
250,1
249,5
249,4
249,3
249,2
249,1
248,5
248,4
248,3
248,2
248,1
247,4
247,3
247,2
247,1
246,4
246,3
246,2
246,1
245,4
245,3
245,2
245,1
244,4
244,3
244,2
244,1
243,5
243,4
243,3
243,2
243,1
4294967294,1420
242,5
242,4
242,3
242,2
242,1
4294967278,331
4294967293,131
4294967293,130
4294967293,129
4294967293,128
4294967293,127
4294967293,126
4294967293,125
4294967293,124
4294967293,123
4294967293,122
4294967293,121
4294967293,120
4294967293,119
4294967293,118
4294967293,117
4294967293,116
4294967293,115
4294967293,114
4294967293,113
4294967293,112
4294967293,111
4294967293,110
4294967293,109
4294967293,108
4294967293,107
4294967293,106
4294967293,105
4294967293,104
4294967293,103
4294967293,102
4294967293,101
4294967293,100
4294967293,99
4294967293,98
4294967293,97
4294967293,96
4294967293,95
4294967293,94
4294967293,93
4294967293,92
4294967293,91
4294967293,90
4294967293,89
4294967293,88
4294967293,87
4294967293,86
4294967293,85
4294967293,84
4294967293,83
4294967293,82
4294967293,81
4294967293,80
4294967293,79
4294967293,78
4294967293,77
4294967293,76
4294967293,75
4294967293,74
4294967293,73
4294967293,72
4294967293,71
4294967293,70
4294967293,69
4294967293,68
4294967293,67
4294967293,66
4294967293,65
4294967293,64
4294967293,63
4294967293,62
4294967293,61
4294967293,60
4294967293,59
4294967293,58
4294967293,57
4294967293,56
4294967293,55
4294967293,54
4294967293,53
4294967293,52
4294967293,51
4294967293,50
4294967293,49
4294967293,48
4294967293,47
4294967293,46
4294967293,45
4294967293,44
4294967293,43
4294967293,42
4294967293,41
4294967293,40
4294967293,39
4294967293,38
4294967293,37
4294967293,36
4294967293,35
