65,4
65,3
65,2
65,1
64,4
64,3
64,2
64,1
63,4
63,3
63,2
63,1
4294967294,428
62,4
62,3
62,2
62,1
61,5
61,4
61,3
61,2
61,1
60,5
60,4
60,3
60,2
60,1
4294967279,380
4294967279,379
59,4
59,3
59,2
59,1
58,4
58,3
58,2
58,1
57,4
57,3
57,2
57,1
56,4
56,3
56,2
56,1
4294967278,570
55,5
55,4
55,3
55,2
55,1
4294967278,569
4294967279,378
4294967278,568
54,5
54,4
54,3
54,2
54,1
4294967279,377
4294967278,567
4294967278,566
53,4
53,3
53,2
53,1
52,4
52,3
52,2
52,1
51,4
51,3
51,2
51,1
50,4
50,3
50,2
50,1
49,5
49,4
49,3
49,2
49,1
4294967279,376
4294967278,565
4294967279,375
4294967279,374
48,5
48,4
48,3
48,2
48,1
47,4
47,3
47,2
47,1
4294967279,373
46,4
46,3
46,2
46,1
4294967279,372
45,4
45,3
45,2
45,1
4294967279,371
44,4
44,3
44,2
44,1
43,4
43,3
43,2
43,1
4294967278,564
4294967278,563
4294967279,370
4294967279,369
42,5
42,4
42,3
42,2
42,1
4294967278,562
4294967279,368
4294967278,561
41,5
41,4
41,3
41,2
41,1
4294967279,367
4294967279,366
4294967279,365
4294967278,560
4294967278,559
4294967279,364
40,4
40,3
40,2
40,1
39,4
39,3
39,2
39,1
38,4
38,3
38,2
38,1
37,4
37,3
37,2
37,1
4294967279,363
4294967279,362
36,5
36,4
36,3
36,2
36,1
4294967279,361
4294967278,558
4294967278,557
35,5
35,4
35,3
35,2
35,1
4294967279,360
4294967279,359
4294967278,556
4294967278,555
4294967279,358
4294967279,357
4294967278,554
4294967279,356
4294967278,553
4294967278,552
4294967278,551
4294967279,355
4294967278,550
4294967279,354
4294967279,353
4294967278,549
4294967279,352
4294967278,548
4294967279,351
4294967279,350
4294967278,547
4294967279,349
4294967279,348
4294967278,546
34,4
34,3
34,2
34,1
33,4
33,3
33,2
33,1
32,4
32,3
32,2
32,1
4294967279,347
4294967279,346
31,4
31,3
31,2
31,1
4294967278,545
4294967279,345
4294967278,544
30,5
30,4
30,3
30,2
30,1
4294967279,344
29,5
29,4
29,3
29,2
29,1
4294967278,543
4294967278,542
4294967279,343
4294967278,541
4294967279,342
4294967279,341
4294967278,540
28,4
4294967279,340
28,3
28,2
28,1
4294967279,339
4294967278,539
4294967278,538
4294967279,338
4294967278,537
4294967279,337
4294967278,536
4294967279,336
27,4
4294967278,535
27,3
27,2
27,1
4294967278,534
4294967279,335
4294967278,533
4294967279,334
4294967279,333
4294967278,532
26,4
26,3
26,2
26,1
4294967279,332
25,4
25,3
25,2
25,1
24,5
24,4
24,3
24,2
24,1
23,5
23,4
23,3
23,2
23,1
4294967278,531
4294967278,530
4294967279,331
4294967279,330
4294967278,529
4294967279,329
4294967279,328
4294967278,528
4294967278,527
4294967279,327
4294967278,526
4294967278,525
4294967279,326
4294967279,325
4294967278,524
4294967279,324
4294967278,523
4294967279,323
4294967279,322
4294967278,522
4294967278,521
4294967279,321
4294967278,520
4294967278,519
4294967279,320
4294967278,518
4294967279,319
4294967278,517
4294967279,318
22,4
22,3
22,2
22,1
4294967278,516
4294967294,1418
21,4
21,3
21,2
21,1
4294967279,317
20,4
20,3
20,2
20,1
4294967278,515
19,4
19,3
19,2
19,1
4294967279,316
4294967278,514
4294967279,315
4294967279,314
18,5
18,4
18,3
18,2
18,1
4294967278,513
4294967279,313
4294967278,512
4294967278,319
17,5
17,4
17,3
17,2
17,1
4294967279,312
4294967278,318
4294967279,311
4294967278,317
4294967278,316
4294967279,310
4294967279,309
4294967278,315
4294967279,308
4294967279,307
4294967278,314
4294967278,313
4294967279,306
4294967278,312
4294967278,311
4294967279,305
4294967279,304
4294967278,310
4294967279,303
4294967278,309
4294967279,302
4294967279,301
4294967278,308
4294967278,307
4294967278,306
4294967278,305
4294967279,300
4294967279,299
4294967278,304
4294967279,298
16,4
16,3
